8
15.58 39.34 35.10 10.35 17.06 33.40 12.05 30.15
11.60 28.72 11.50 15.44 38.40 22.01 22.98 21.50
28.66 16.74 24.32 21.47 15.03 25.14 35.07 24.87
38.60 34.33 18.20 15.66 14.13 18.98 28.81 33.80
29.30 28.92 21.59 21.65 30.68 20.58 22.56 17.47
11.56 23.84 35.10 29.27 18.53 24.23 15.44 10.18
38.33 36.98 10.42 21.76 37.56 13.03 40.00 20.72
10.18 29.18 20.96 35.43 16.94 38.91 10.78 12.78
5.14 7.28 2.16 8.56 3.36 8.86 7.98 1.25
4.52 1.62 1.56 4.04 4.12 5.18 5.20 3.11
7.73 1.34 7.11 3.94 4.52 1.47 1.74 7.53
2.92 3.21 3.00 2.89 8.87 2.30 1.61 3.99
5.44 4.51 1.87 3.11 6.63 7.17 5.68 1.51
