8
25.70 27.80 31.09 37.77 25.86 22.65 28.35 27.14
16.04 18.10 11.42 24.66 34.89 31.66 34.03 17.03
18.95 29.83 26.56 17.17 32.53 26.69 11.20 36.65
25.38 31.34 25.96 15.98 33.87 13.23 14.98 28.78
17.43 24.36 36.82 22.10 37.61 14.16 16.14 22.33
34.31 36.35 34.41 35.07 30.66 16.99 31.54 17.76
30.89 17.89 20.83 15.70 13.59 24.76 35.92 23.08
35.44 39.66 39.25 29.19 28.78 34.51 36.00 38.43
4.42 2.63 4.68 7.51 3.59 1.95 6.38 2.30
3.46 5.66 2.54 1.47 8.90 4.81 8.33 8.89
3.11 5.48 4.80 6.57 4.60 3.69 5.06 6.94
8.30 4.72 4.39 1.72 4.97 6.77 5.23 5.47
2.38 1.32 1.72 2.96 5.34 1.33 4.79 4.57
